<?xml version="1.0"?>
<opencv_storage>
<proj_extrinsic type_id="opencv-matrix">
  <rows>2</rows>
  <cols>3</cols>
  <dt>f</dt>
  <data>
    -1.98865640 -2.12116003 0.74358672 -59.84106827 -147.37510681
    1.19919849e+003</data></proj_extrinsic>
</opencv_storage>
